6.270000000000000000e+02 9.400000000000000000e+01 5.771000000000000227e+02 2.034725699999999904e+02 2.614999999999999858e+01 1.000000000000000021e-02 2.278125000000000000e+01
8.230000000000000000e+02 1.050000000000000000e+02 5.777666666666666515e+02 2.333333299999999895e+02 6.214999999999999858e+01 2.000000000000000042e-02 4.223437500000000000e+01
6.750000000000000000e+02 9.900000000000000000e+01 5.805166666666666515e+02 2.118832099999999912e+02 3.335000000000000142e+01 1.000000000000000021e-02 2.734375000000000000e+01
5.240000000000000000e+02 8.500000000000000000e+01 5.863333333333333712e+02 1.794997799999999870e+02 1.175000000000000000e+01 2.000000000000000042e-02 0.000000000000000000e+00
7.590000000000000000e+02 1.050000000000000000e+02 5.880833333333332575e+02 2.242739200000000039e+02 4.775000000000000000e+01 2.000000000000000042e-02 3.835937500000000000e+01
5.760000000000000000e+02 8.600000000000000000e+01 5.921499999999999773e+02 1.873895699999999920e+02 1.894999999999999929e+01 2.000000000000000042e-02 1.609375000000000000e+01
7.190000000000000000e+02 1.030000000000000000e+02 5.922999999999999545e+02 2.181004399999999919e+02 4.054999999999999716e+01 1.000000000000000021e-02 3.664062500000000000e+01
6.260000000000000000e+02 9.300000000000000000e+01 6.082166666666666970e+02 1.959908599999999979e+02 2.614999999999999858e+01 2.000000000000000042e-02 1.962500000000000000e+01
6.740000000000000000e+02 9.600000000000000000e+01 6.090499999999999545e+02 2.040299300000000073e+02 3.335000000000000142e+01 1.000000000000000021e-02 2.707812500000000000e+01
7.930000000000000000e+02 1.050000000000000000e+02 6.114333333333332803e+02 2.245060900000000004e+02 5.495000000000000284e+01 2.000000000000000042e-02 4.118750000000000000e+01
5.230000000000000000e+02 8.700000000000000000e+01 6.129500000000000455e+02 1.722246700000000033e+02 1.175000000000000000e+01 4.000000000000000083e-02 1.000000000000000000e+00
8.460000000000000000e+02 1.050000000000000000e+02 6.248999999999999773e+02 2.314285700000000077e+02 6.934999999999999432e+01 2.999999999999999889e-02 4.531250000000000000e+01
7.180000000000000000e+02 1.000000000000000000e+02 6.257666666666666515e+02 2.094836300000000051e+02 4.054999999999999716e+01 2.000000000000000042e-02 2.665625000000000000e+01
6.250000000000000000e+02 8.900000000000000000e+01 6.284666666666666970e+02 1.885091400000000021e+02 2.614999999999999858e+01 2.000000000000000042e-02 1.800000000000000000e+01
5.750000000000000000e+02 8.800000000000000000e+01 6.306666666666667425e+02 1.803240999999999872e+02 1.894999999999999929e+01 4.000000000000000083e-02 1.000000000000000000e+00
5.740000000000000000e+02 8.700000000000000000e+01 6.386333333333333258e+02 1.732709299999999928e+02 1.894999999999999929e+01 2.000000000000000042e-02 0.000000000000000000e+00
6.730000000000000000e+02 9.500000000000000000e+01 6.466500000000000909e+02 1.961766399999999919e+02 3.335000000000000142e+01 2.000000000000000042e-02 1.728125000000000000e+01
7.580000000000000000e+02 1.050000000000000000e+02 6.543166666666666060e+02 2.144992300000000114e+02 4.775000000000000000e+01 1.000000000000000021e-02 3.398437500000000000e+01
6.240000000000000000e+02 8.900000000000000000e+01 6.609666666666666970e+02 1.810274300000000096e+02 2.614999999999999858e+01 2.999999999999999889e-02 1.703125000000000000e+01
7.170000000000000000e+02 9.800000000000000000e+01 6.628833333333333258e+02 2.008668099999999868e+02 4.054999999999999716e+01 1.000000000000000021e-02 2.487500000000000000e+01
6.230000000000000000e+02 8.700000000000000000e+01 6.632166666666665833e+02 1.735457100000000139e+02 2.614999999999999858e+01 2.999999999999999889e-02 2.968750000000000000e+00
8.220000000000000000e+02 1.050000000000000000e+02 6.676166666666666742e+02 2.200000000000000000e+02 6.214999999999999858e+01 1.000000000000000021e-02 3.979687500000000000e+01
6.720000000000000000e+02 9.200000000000000000e+01 6.706166666666666742e+02 1.883233600000000081e+02 3.335000000000000142e+01 1.000000000000000021e-02 2.162500000000000000e+01
7.920000000000000000e+02 1.050000000000000000e+02 6.842000000000000455e+02 2.134122399999999971e+02 5.495000000000000284e+01 1.000000000000000021e-02 3.685937500000000000e+01
6.710000000000000000e+02 9.000000000000000000e+01 6.855333333333333030e+02 1.804700699999999927e+02 3.335000000000000142e+01 2.000000000000000042e-02 1.867187500000000000e+01
7.160000000000000000e+02 9.600000000000000000e+01 6.955833333333333712e+02 1.922500000000000000e+02 4.054999999999999716e+01 1.000000000000000021e-02 1.885937500000000000e+01
8.630000000000000000e+02 1.050000000000000000e+02 6.958833333333333258e+02 2.280000000000000000e+02 7.654999999999999716e+01 2.999999999999999889e-02 3.910937500000000000e+01
6.700000000000000000e+02 8.900000000000000000e+01 6.959166666666667425e+02 1.726167900000000088e+02 3.335000000000000142e+01 2.000000000000000042e-02 1.345312500000000000e+01
7.570000000000000000e+02 1.040000000000000000e+02 6.985166666666666515e+02 2.047245399999999904e+02 4.775000000000000000e+01 2.000000000000000042e-02 2.673437500000000000e+01
7.150000000000000000e+02 9.400000000000000000e+01 7.185166666666665378e+02 1.836331900000000132e+02 4.054999999999999716e+01 1.000000000000000021e-02 2.257812500000000000e+01
7.140000000000000000e+02 9.000000000000000000e+01 7.247166666666666970e+02 1.750163699999999949e+02 4.054999999999999716e+01 2.000000000000000042e-02 2.131250000000000000e+01
8.450000000000000000e+02 1.050000000000000000e+02 7.324833333333333485e+02 2.142857099999999946e+02 6.934999999999999432e+01 2.000000000000000042e-02 3.320312500000000000e+01
7.560000000000000000e+02 1.010000000000000000e+02 7.335166666666666515e+02 1.949498499999999979e+02 4.775000000000000000e+01 1.000000000000000021e-02 2.592187500000000000e+01
8.210000000000000000e+02 1.050000000000000000e+02 7.480833333333333712e+02 2.066666700000000105e+02 6.214999999999999858e+01 2.000000000000000042e-02 3.204687500000000000e+01
7.910000000000000000e+02 1.050000000000000000e+02 7.497833333333333030e+02 2.024011199999999917e+02 5.495000000000000284e+01 2.000000000000000042e-02 2.889062500000000000e+01
7.550000000000000000e+02 1.010000000000000000e+02 7.769500000000000455e+02 1.855251499999999965e+02 4.775000000000000000e+01 2.000000000000000042e-02 2.143750000000000000e+01
7.900000000000000000e+02 1.020000000000000000e+02 7.785333333333333030e+02 1.913899999999999864e+02 5.495000000000000284e+01 1.000000000000000021e-02 2.557812500000000000e+01
7.540000000000000000e+02 9.600000000000000000e+01 7.851166666666665606e+02 1.761004599999999982e+02 4.775000000000000000e+01 2.000000000000000042e-02 1.982812500000000000e+01
8.200000000000000000e+02 1.050000000000000000e+02 8.186833333333335077e+02 1.933333299999999895e+02 6.214999999999999858e+01 2.000000000000000042e-02 2.325000000000000000e+01
8.440000000000000000e+02 1.050000000000000000e+02 8.239333333333333940e+02 1.971428600000000131e+02 6.934999999999999432e+01 2.000000000000000042e-02 2.331250000000000000e+01
7.890000000000000000e+02 1.010000000000000000e+02 8.253999999999998636e+02 1.803788800000000094e+02 5.495000000000000284e+01 1.000000000000000021e-02 2.185937500000000000e+01
8.620000000000000000e+02 1.050000000000000000e+02 8.271333333333333258e+02 2.040000000000000000e+02 7.654999999999999716e+01 2.999999999999999889e-02 2.815625000000000000e+01
8.190000000000000000e+02 1.040000000000000000e+02 8.709166666666666288e+02 1.800000000000000000e+02 6.214999999999999858e+01 2.000000000000000042e-02 1.995312500000000000e+01
8.430000000000000000e+02 1.050000000000000000e+02 8.991166666666667879e+02 1.800000000000000000e+02 6.934999999999999432e+01 1.000000000000000021e-02 2.332812500000000000e+01
8.610000000000000000e+02 1.050000000000000000e+02 9.267333333333333485e+02 1.800000000000000000e+02 7.654999999999999716e+01 1.000000000000000056e-01 2.296875000000000000e+01
