5.170000000000000000e+02 1.285740000000000123e+02 1.175000000000000000e+01 5.967741935483871218e-01
5.180000000000000000e+02 1.358491099999999960e+02 1.175000000000000000e+01 5.483870967741935054e-01
5.520000000000000000e+02 1.587490999999999985e+01 1.894999999999999929e+01 4.112903225806451846e-01
5.660000000000000000e+02 1.168456199999999967e+02 1.894999999999999929e+01 6.290322580645161255e-01
5.670000000000000000e+02 1.238987800000000021e+02 1.894999999999999929e+01 5.887096774193548709e-01
5.680000000000000000e+02 1.309519500000000107e+02 1.894999999999999929e+01 5.322580645161290036e-01
5.690000000000000000e+02 1.380051100000000019e+02 1.894999999999999929e+01 4.758064516129032473e-01
6.010000000000000000e+02 8.487199999999999633e+00 2.614999999999999858e+01 3.387096774193548154e-01
6.020000000000000000e+02 1.601279999999999859e+01 2.614999999999999858e+01 3.790322580645161255e-01
6.150000000000000000e+02 1.136919999999999931e+02 2.614999999999999858e+01 5.887096774193548709e-01
6.160000000000000000e+02 1.211737100000000140e+02 2.614999999999999858e+01 5.403225806451612545e-01
6.170000000000000000e+02 1.286554299999999955e+02 2.614999999999999858e+01 4.758064516129032473e-01
6.490000000000000000e+02 8.358109999999999928e+00 3.335000000000000142e+01 2.258064516129032195e-01
6.500000000000000000e+02 1.614189000000000007e+01 3.335000000000000142e+01 2.822580645161290591e-01
6.510000000000000000e+02 2.392567000000000021e+01 3.335000000000000142e+01 3.225806451612903136e-01
6.640000000000000000e+02 1.254970699999999937e+02 3.335000000000000142e+01 4.112903225806451846e-01
6.650000000000000000e+02 1.333503600000000233e+02 3.335000000000000142e+01 3.629032258064516236e-01
6.660000000000000000e+02 1.412036399999999787e+02 3.335000000000000142e+01 2.983870967741935609e-01
6.670000000000000000e+02 1.490569299999999942e+02 3.335000000000000142e+01 2.419354838709677491e-01
6.680000000000000000e+02 1.569102100000000064e+02 3.335000000000000142e+01 2.258064516129032195e-01
6.930000000000000000e+02 3.527905600000000277e+02 3.335000000000000142e+01 1.693548387096774077e-01
6.950000000000000000e+02 1.190000000000000036e+01 4.039999999999999858e+01 0.000000000000000000e+00
6.960000000000000000e+02 2.038973000000000013e+01 4.054999999999999716e+01 0.000000000000000000e+00
6.970000000000000000e+02 2.887947000000000131e+01 4.054999999999999716e+01 0.000000000000000000e+00
7.070000000000000000e+02 1.146986699999999928e+02 4.054999999999999716e+01 0.000000000000000000e+00
7.080000000000000000e+02 1.233154800000000080e+02 4.054999999999999716e+01 0.000000000000000000e+00
7.090000000000000000e+02 1.319322999999999979e+02 4.054999999999999716e+01 0.000000000000000000e+00
7.100000000000000000e+02 1.405491100000000131e+02 4.054999999999999716e+01 0.000000000000000000e+00
7.110000000000000000e+02 1.491659300000000030e+02 4.054999999999999716e+01 0.000000000000000000e+00
7.120000000000000000e+02 1.577827399999999898e+02 4.054999999999999716e+01 0.000000000000000000e+00
7.130000000000000000e+02 1.663995600000000081e+02 4.054999999999999716e+01 0.000000000000000000e+00
7.470000000000000000e+02 1.101276199999999932e+02 4.775000000000000000e+01 0.000000000000000000e+00
7.480000000000000000e+02 1.195523100000000056e+02 4.775000000000000000e+01 0.000000000000000000e+00
7.490000000000000000e+02 1.289770000000000039e+02 4.775000000000000000e+01 0.000000000000000000e+00
7.500000000000000000e+02 1.384016900000000021e+02 4.775000000000000000e+01 0.000000000000000000e+00
7.510000000000000000e+02 1.478263800000000003e+02 4.775000000000000000e+01 0.000000000000000000e+00
7.520000000000000000e+02 1.572510800000000017e+02 4.775000000000000000e+01 0.000000000000000000e+00
7.530000000000000000e+02 1.666757700000000000e+02 4.775000000000000000e+01 0.000000000000000000e+00
7.880000000000000000e+02 1.694504900000000021e+02 5.495000000000000284e+01 0.000000000000000000e+00
7.890000000000000000e+02 1.803788800000000094e+02 5.495000000000000284e+01 0.000000000000000000e+00
8.180000000000000000e+02 1.666666699999999821e+02 6.214999999999999858e+01 0.000000000000000000e+00
