2.540000000000000000e+02 6.769804000000000599e+01 -2.425000000000000000e+01
2.550000000000000000e+02 7.509111000000000047e+01 -2.425000000000000000e+01
2.560000000000000000e+02 8.248417999999999495e+01 -2.425000000000000000e+01
2.570000000000000000e+02 8.987725000000000364e+01 -2.425000000000000000e+01
2.580000000000000000e+02 9.727031999999999812e+01 -2.425000000000000000e+01
3.020000000000000000e+02 5.828253999999999735e+01 -1.705000000000000071e+01
3.030000000000000000e+02 6.536445999999999401e+01 -1.705000000000000071e+01
3.040000000000000000e+02 7.244638999999999385e+01 -1.705000000000000071e+01
3.050000000000000000e+02 7.952831999999999368e+01 -1.705000000000000071e+01
3.510000000000000000e+02 4.749593000000000131e+01 -9.849999999999999645e+00
3.520000000000000000e+02 5.454511000000000109e+01 -9.849999999999999645e+00
3.530000000000000000e+02 6.159429999999999694e+01 -9.849999999999999645e+00
3.540000000000000000e+02 6.864347999999999672e+01 -9.849999999999999645e+00
3.550000000000000000e+02 7.569267000000000678e+01 -9.849999999999999645e+00
4.020000000000000000e+02 4.387980999999999909e+01 -2.649999999999999911e+00
4.030000000000000000e+02 5.090865000000000151e+01 -2.649999999999999911e+00
4.050000000000000000e+02 6.496635000000000559e+01 -2.649999999999999911e+00
4.060000000000000000e+02 7.199518999999999380e+01 -2.649999999999999911e+00
4.120000000000000000e+02 1.142600000000000051e+02 -2.649999999999999911e+00
4.130000000000000000e+02 1.213499999999999943e+02 -2.649999999999999911e+00
4.570000000000000000e+02 7.534792000000000201e+01 4.549999999999999822e+00
4.630000000000000000e+02 1.169904400000000066e+02 4.549999999999999822e+00
4.640000000000000000e+02 1.238322200000000066e+02 4.549999999999999822e+00
4.650000000000000000e+02 1.306740000000000066e+02 4.549999999999999822e+00
5.040000000000000000e+02 3.669487000000000165e+01 1.175000000000000000e+01
5.140000000000000000e+02 1.067486700000000042e+02 1.175000000000000000e+01
5.150000000000000000e+02 1.140237800000000021e+02 1.175000000000000000e+01
5.640000000000000000e+02 1.027392899999999969e+02 1.894999999999999929e+01
5.650000000000000000e+02 1.097924500000000023e+02 1.894999999999999929e+01
6.040000000000000000e+02 3.106400000000000006e+01 2.614999999999999858e+01
6.140000000000000000e+02 1.062102900000000005e+02 2.614999999999999858e+01
6.180000000000000000e+02 1.361371399999999880e+02 2.614999999999999858e+01
6.520000000000000000e+02 3.170944000000000074e+01 3.335000000000000142e+01
6.530000000000000000e+02 3.949322000000000088e+01 3.335000000000000142e+01
6.620000000000000000e+02 1.097904999999999944e+02 3.335000000000000142e+01
6.630000000000000000e+02 1.176437899999999956e+02 3.335000000000000142e+01
6.940000000000000000e+02 3.468599999999999905e+00 4.054999999999999716e+01
6.980000000000000000e+02 3.742752999999999730e+01 4.054999999999999716e+01
7.060000000000000000e+02 1.060818500000000029e+02 4.054999999999999716e+01
7.360000000000000000e+02 2.212909999999999933e+00 4.775000000000000000e+01
7.370000000000000000e+02 1.225000000000000000e+01 4.775000000000000000e+01
7.380000000000000000e+02 2.228708999999999918e+01 4.775000000000000000e+01
7.820000000000000000e+02 1.039019499999999994e+02 5.495000000000000284e+01
7.830000000000000000e+02 1.148267100000000056e+02 5.495000000000000284e+01
7.840000000000000000e+02 1.257514599999999945e+02 5.495000000000000284e+01
7.850000000000000000e+02 1.366762200000000007e+02 5.495000000000000284e+01
7.860000000000000000e+02 1.476009699999999896e+02 5.495000000000000284e+01
7.870000000000000000e+02 1.585257300000000100e+02 5.495000000000000284e+01
8.140000000000000000e+02 1.133333300000000037e+02 6.214999999999999858e+01
8.160000000000000000e+02 1.400000000000000000e+02 6.214999999999999858e+01
8.170000000000000000e+02 1.533333299999999895e+02 6.214999999999999858e+01
8.380000000000000000e+02 9.428570999999999458e+01 6.934999999999999432e+01
8.390000000000000000e+02 1.114285699999999935e+02 6.934999999999999432e+01
8.400000000000000000e+02 1.285714299999999923e+02 6.934999999999999432e+01
8.420000000000000000e+02 1.628571399999999869e+02 6.934999999999999432e+01
8.430000000000000000e+02 1.800000000000000000e+02 6.934999999999999432e+01
8.580000000000000000e+02 1.080000000000000000e+02 7.654999999999999716e+01
8.590000000000000000e+02 1.320000000000000000e+02 7.654999999999999716e+01
8.600000000000000000e+02 1.560000000000000000e+02 7.654999999999999716e+01
8.610000000000000000e+02 1.800000000000000000e+02 7.654999999999999716e+01
8.700000000000000000e+02 6.000000000000000000e+01 8.375000000000000000e+01
8.710000000000000000e+02 1.000000000000000000e+02 8.375000000000000000e+01
8.720000000000000000e+02 1.400000000000000000e+02 8.375000000000000000e+01
8.740000000000000000e+02 2.200000000000000000e+02 8.375000000000000000e+01
8.750000000000000000e+02 2.600000000000000000e+02 8.375000000000000000e+01
8.760000000000000000e+02 3.000000000000000000e+02 8.375000000000000000e+01
