5.190000000000000000e+02
5.230000000000000000e+02
5.670000000000000000e+02
5.680000000000000000e+02
5.690000000000000000e+02
5.700000000000000000e+02
5.960000000000000000e+02
6.170000000000000000e+02
6.220000000000000000e+02
6.240000000000000000e+02
6.450000000000000000e+02
6.460000000000000000e+02
6.660000000000000000e+02
6.670000000000000000e+02
6.680000000000000000e+02
6.690000000000000000e+02
6.700000000000000000e+02
6.710000000000000000e+02
6.720000000000000000e+02
6.730000000000000000e+02
6.920000000000000000e+02
7.080000000000000000e+02
7.110000000000000000e+02
7.120000000000000000e+02
7.140000000000000000e+02
7.150000000000000000e+02
7.160000000000000000e+02
7.170000000000000000e+02
7.470000000000000000e+02
7.480000000000000000e+02
7.490000000000000000e+02
7.500000000000000000e+02
7.510000000000000000e+02
7.520000000000000000e+02
7.530000000000000000e+02
7.540000000000000000e+02
7.550000000000000000e+02
7.560000000000000000e+02
7.570000000000000000e+02
7.890000000000000000e+02
7.910000000000000000e+02
8.450000000000000000e+02
