6.510000000000000000e+02 2.392567000000000021e+01 3.335000000000000142e+01
6.950000000000000000e+02 1.190000000000000036e+01 4.039999999999999858e+01
6.960000000000000000e+02 2.038973000000000013e+01 4.054999999999999716e+01
6.970000000000000000e+02 2.887947000000000131e+01 4.054999999999999716e+01
7.100000000000000000e+02 1.405491100000000131e+02 4.054999999999999716e+01
7.480000000000000000e+02 1.195523100000000056e+02 4.775000000000000000e+01
7.490000000000000000e+02 1.289770000000000039e+02 4.775000000000000000e+01
7.500000000000000000e+02 1.384016900000000021e+02 4.775000000000000000e+01
7.510000000000000000e+02 1.478263800000000003e+02 4.775000000000000000e+01
8.180000000000000000e+02 1.666666699999999821e+02 6.214999999999999858e+01
