2.020000000000000000e+02 1.562500000000000000e-02
2.450000000000000000e+02 2.406250000000000000e+00
2.460000000000000000e+02 4.156250000000000000e+00
2.470000000000000000e+02 4.812500000000000000e+00
2.480000000000000000e+02 4.968750000000000000e+00
2.490000000000000000e+02 3.906250000000000000e+00
2.500000000000000000e+02 1.937500000000000000e+00
2.920000000000000000e+02 9.921875000000000000e+00
2.930000000000000000e+02 7.171875000000000000e+00
2.940000000000000000e+02 6.015625000000000000e+00
2.950000000000000000e+02 1.407812500000000000e+01
2.960000000000000000e+02 9.734375000000000000e+00
2.970000000000000000e+02 1.317187500000000000e+01
2.980000000000000000e+02 5.218750000000000000e+00
2.990000000000000000e+02 5.765625000000000000e+00
3.000000000000000000e+02 5.843750000000000000e+00
3.240000000000000000e+02 7.671875000000000000e+00
3.260000000000000000e+02 5.781250000000000000e+00
3.400000000000000000e+02 1.614062500000000000e+01
3.410000000000000000e+02 1.660937500000000000e+01
3.420000000000000000e+02 1.521875000000000000e+01
3.430000000000000000e+02 4.390625000000000000e+00
3.440000000000000000e+02 5.328125000000000000e+00
3.450000000000000000e+02 7.296875000000000000e+00
3.460000000000000000e+02 6.078125000000000000e+00
3.470000000000000000e+02 6.250000000000000000e+00
3.480000000000000000e+02 6.734375000000000000e+00
3.490000000000000000e+02 5.593750000000000000e+00
3.500000000000000000e+02 4.906250000000000000e+00
3.670000000000000000e+02 3.593750000000000000e-01
3.680000000000000000e+02 6.562500000000000000e-01
3.740000000000000000e+02 9.640625000000000000e+00
3.750000000000000000e+02 1.137500000000000000e+01
3.770000000000000000e+02 1.371875000000000000e+01
3.900000000000000000e+02 2.176562500000000000e+01
3.910000000000000000e+02 2.050000000000000000e+01
3.920000000000000000e+02 1.145312500000000000e+01
3.930000000000000000e+02 2.003125000000000000e+01
3.940000000000000000e+02 2.218750000000000000e+01
3.950000000000000000e+02 5.500000000000000000e+00
3.960000000000000000e+02 2.471875000000000000e+01
3.970000000000000000e+02 6.984375000000000000e+00
3.980000000000000000e+02 8.890625000000000000e+00
3.990000000000000000e+02 1.860937500000000000e+01
4.000000000000000000e+02 1.734375000000000000e+01
4.010000000000000000e+02 1.437500000000000000e+01
4.030000000000000000e+02 8.734375000000000000e+00
4.060000000000000000e+02 1.000000000000000000e+00
4.180000000000000000e+02 7.812500000000000000e-01
4.190000000000000000e+02 9.531250000000000000e-01
4.220000000000000000e+02 1.000000000000000000e+00
4.240000000000000000e+02 1.270312500000000000e+01
4.250000000000000000e+02 1.531250000000000000e+01
4.260000000000000000e+02 1.290625000000000000e+01
4.270000000000000000e+02 1.107812500000000000e+01
4.310000000000000000e+02 1.000000000000000000e+00
4.320000000000000000e+02 1.000000000000000000e+00
4.330000000000000000e+02 1.000000000000000000e+00
4.400000000000000000e+02 2.645312500000000000e+01
4.410000000000000000e+02 3.176562500000000000e+01
4.420000000000000000e+02 2.726562500000000000e+01
4.430000000000000000e+02 1.428125000000000000e+01
4.440000000000000000e+02 2.295312500000000000e+01
4.450000000000000000e+02 2.431250000000000000e+01
4.460000000000000000e+02 2.207812500000000000e+01
4.470000000000000000e+02 2.510937500000000000e+01
4.480000000000000000e+02 2.207812500000000000e+01
4.490000000000000000e+02 2.187500000000000000e+01
4.500000000000000000e+02 2.325000000000000000e+01
4.510000000000000000e+02 7.750000000000000000e+00
4.520000000000000000e+02 7.781250000000000000e+00
4.570000000000000000e+02 8.593750000000000000e-01
4.680000000000000000e+02 2.968750000000000000e-01
4.690000000000000000e+02 7.656250000000000000e-01
4.720000000000000000e+02 1.000000000000000000e+00
4.730000000000000000e+02 2.000000000000000000e+00
4.740000000000000000e+02 1.232812500000000000e+01
4.750000000000000000e+02 1.432812500000000000e+01
4.760000000000000000e+02 1.589062500000000000e+01
4.770000000000000000e+02 1.484375000000000000e+01
4.780000000000000000e+02 1.709375000000000000e+01
4.790000000000000000e+02 1.712500000000000000e+01
4.800000000000000000e+02 2.129687500000000000e+01
4.810000000000000000e+02 2.664062500000000000e+01
4.820000000000000000e+02 2.717187500000000000e+01
4.830000000000000000e+02 1.000000000000000000e+00
4.840000000000000000e+02 1.000000000000000000e+00
4.850000000000000000e+02 1.000000000000000000e+00
4.860000000000000000e+02 1.000000000000000000e+00
4.910000000000000000e+02 2.495312500000000000e+01
4.920000000000000000e+02 3.229687500000000000e+01
4.930000000000000000e+02 3.226562500000000000e+01
4.940000000000000000e+02 3.332812500000000000e+01
4.950000000000000000e+02 2.785937500000000000e+01
4.960000000000000000e+02 2.279687500000000000e+01
4.970000000000000000e+02 2.137500000000000000e+01
4.980000000000000000e+02 2.075000000000000000e+01
4.990000000000000000e+02 2.503125000000000000e+01
5.000000000000000000e+02 2.662500000000000000e+01
5.010000000000000000e+02 1.215625000000000000e+01
5.020000000000000000e+02 1.396875000000000000e+01
5.030000000000000000e+02 1.228125000000000000e+01
5.040000000000000000e+02 1.075000000000000000e+01
5.050000000000000000e+02 7.968750000000000000e-01
5.060000000000000000e+02 8.281250000000000000e-01
5.070000000000000000e+02 5.468750000000000000e-01
5.090000000000000000e+02 9.531250000000000000e-01
5.100000000000000000e+02 1.000000000000000000e+00
5.110000000000000000e+02 1.000000000000000000e+00
5.120000000000000000e+02 9.843750000000000000e-01
5.140000000000000000e+02 3.437500000000000000e-01
5.190000000000000000e+02 6.875000000000000000e-01
5.200000000000000000e+02 8.437500000000000000e-01
5.210000000000000000e+02 1.015625000000000000e+00
5.220000000000000000e+02 1.359375000000000000e+00
5.230000000000000000e+02 1.000000000000000000e+00
5.250000000000000000e+02 1.539062500000000000e+01
5.260000000000000000e+02 1.410937500000000000e+01
5.270000000000000000e+02 1.814062500000000000e+01
5.280000000000000000e+02 1.990625000000000000e+01
5.290000000000000000e+02 2.129687500000000000e+01
5.300000000000000000e+02 2.392187500000000000e+01
5.310000000000000000e+02 2.651562500000000000e+01
5.320000000000000000e+02 2.985937500000000000e+01
5.330000000000000000e+02 3.614062500000000000e+01
5.340000000000000000e+02 3.292187500000000000e+01
5.350000000000000000e+02 3.537500000000000000e+01
5.360000000000000000e+02 2.968750000000000000e+00
5.370000000000000000e+02 2.000000000000000000e+00
5.380000000000000000e+02 1.156250000000000000e+00
5.430000000000000000e+02 2.870312500000000000e+01
5.440000000000000000e+02 4.003125000000000000e+01
5.450000000000000000e+02 3.998437500000000000e+01
5.460000000000000000e+02 4.028125000000000000e+01
5.470000000000000000e+02 4.271875000000000000e+01
5.480000000000000000e+02 4.220312500000000000e+01
5.490000000000000000e+02 3.976562500000000000e+01
5.500000000000000000e+02 4.025000000000000000e+01
5.510000000000000000e+02 2.885937500000000000e+01
5.520000000000000000e+02 3.326562500000000000e+01
5.530000000000000000e+02 1.339062500000000000e+01
5.540000000000000000e+02 1.537500000000000000e+01
5.550000000000000000e+02 4.140625000000000000e+00
5.560000000000000000e+02 2.234375000000000000e+00
5.570000000000000000e+02 2.406250000000000000e+00
5.580000000000000000e+02 1.562500000000000000e+00
5.590000000000000000e+02 8.437500000000000000e-01
5.600000000000000000e+02 9.843750000000000000e-01
5.610000000000000000e+02 1.000000000000000000e+00
5.640000000000000000e+02 4.531250000000000000e-01
5.700000000000000000e+02 8.906250000000000000e-01
5.710000000000000000e+02 1.171875000000000000e+00
5.720000000000000000e+02 1.437500000000000000e+00
5.730000000000000000e+02 1.234375000000000000e+00
5.750000000000000000e+02 1.000000000000000000e+00
5.760000000000000000e+02 1.609375000000000000e+01
5.770000000000000000e+02 1.968750000000000000e+01
5.780000000000000000e+02 1.957812500000000000e+01
5.790000000000000000e+02 2.732812500000000000e+01
5.800000000000000000e+02 2.542187500000000000e+01
5.810000000000000000e+02 2.678125000000000000e+01
5.820000000000000000e+02 3.918750000000000000e+01
5.830000000000000000e+02 4.146875000000000000e+01
5.840000000000000000e+02 4.465625000000000000e+01
5.850000000000000000e+02 3.714062500000000000e+01
5.860000000000000000e+02 4.068750000000000000e+01
5.870000000000000000e+02 3.982812500000000000e+01
5.880000000000000000e+02 2.734375000000000000e+00
5.890000000000000000e+02 2.953125000000000000e+00
5.900000000000000000e+02 1.984375000000000000e+00
5.910000000000000000e+02 1.562500000000000000e-02
5.930000000000000000e+02 3.151562500000000000e+01
5.940000000000000000e+02 3.493750000000000000e+01
5.950000000000000000e+02 1.126562500000000000e+01
5.960000000000000000e+02 4.820312500000000000e+01
5.970000000000000000e+02 4.509375000000000000e+01
5.980000000000000000e+02 9.531250000000000000e+00
5.990000000000000000e+02 3.164062500000000000e+01
6.000000000000000000e+02 4.056250000000000000e+01
6.010000000000000000e+02 3.971875000000000000e+01
6.020000000000000000e+02 3.201562500000000000e+01
6.030000000000000000e+02 4.875000000000000000e+00
6.040000000000000000e+02 1.590625000000000000e+01
6.050000000000000000e+02 4.859375000000000000e+00
6.060000000000000000e+02 4.578125000000000000e+00
6.070000000000000000e+02 3.640625000000000000e+00
6.080000000000000000e+02 2.000000000000000000e+00
6.090000000000000000e+02 1.937500000000000000e+00
6.100000000000000000e+02 9.843750000000000000e-01
6.110000000000000000e+02 9.375000000000000000e-01
6.120000000000000000e+02 8.750000000000000000e-01
6.140000000000000000e+02 7.343750000000000000e-01
6.150000000000000000e+02 5.312500000000000000e-01
6.200000000000000000e+02 1.015625000000000000e+00
6.210000000000000000e+02 2.359375000000000000e+00
6.220000000000000000e+02 9.656250000000000000e+00
6.230000000000000000e+02 2.968750000000000000e+00
6.240000000000000000e+02 1.703125000000000000e+01
6.250000000000000000e+02 1.800000000000000000e+01
6.260000000000000000e+02 1.962500000000000000e+01
6.270000000000000000e+02 2.278125000000000000e+01
6.280000000000000000e+02 2.745312500000000000e+01
6.290000000000000000e+02 2.664062500000000000e+01
6.300000000000000000e+02 3.510937500000000000e+01
6.310000000000000000e+02 4.326562500000000000e+01
6.320000000000000000e+02 4.473437500000000000e+01
6.330000000000000000e+02 4.285937500000000000e+01
6.340000000000000000e+02 4.606250000000000000e+01
6.350000000000000000e+02 4.500000000000000000e+01
6.360000000000000000e+02 7.609375000000000000e+00
6.370000000000000000e+02 5.765625000000000000e+00
6.380000000000000000e+02 5.921875000000000000e+00
6.390000000000000000e+02 2.984375000000000000e+00
6.410000000000000000e+02 2.953125000000000000e+00
6.420000000000000000e+02 4.000000000000000000e+00
6.430000000000000000e+02 4.473437500000000000e+01
6.440000000000000000e+02 4.542187500000000000e+01
6.450000000000000000e+02 4.651562500000000000e+01
6.460000000000000000e+02 4.403125000000000000e+01
6.470000000000000000e+02 4.400000000000000000e+01
6.480000000000000000e+02 3.139062500000000000e+01
6.490000000000000000e+02 3.306250000000000000e+01
6.500000000000000000e+02 3.992187500000000000e+01
6.510000000000000000e+02 3.685937500000000000e+01
6.520000000000000000e+02 1.171875000000000000e+01
6.530000000000000000e+02 1.607812500000000000e+01
6.540000000000000000e+02 4.671875000000000000e+00
6.550000000000000000e+02 5.671875000000000000e+00
6.560000000000000000e+02 1.750000000000000000e+00
6.590000000000000000e+02 7.812500000000000000e-01
6.600000000000000000e+02 9.687500000000000000e-01
6.620000000000000000e+02 9.375000000000000000e-01
6.630000000000000000e+02 7.031250000000000000e-01
6.660000000000000000e+02 9.515625000000000000e+00
6.670000000000000000e+02 9.593750000000000000e+00
6.680000000000000000e+02 1.218750000000000000e+01
6.690000000000000000e+02 1.243750000000000000e+01
6.700000000000000000e+02 1.345312500000000000e+01
6.710000000000000000e+02 1.867187500000000000e+01
6.720000000000000000e+02 2.162500000000000000e+01
6.730000000000000000e+02 1.728125000000000000e+01
6.740000000000000000e+02 2.707812500000000000e+01
6.750000000000000000e+02 2.734375000000000000e+01
6.760000000000000000e+02 3.721875000000000000e+01
6.770000000000000000e+02 3.873437500000000000e+01
6.780000000000000000e+02 4.542187500000000000e+01
6.790000000000000000e+02 4.603125000000000000e+01
6.800000000000000000e+02 4.750000000000000000e+01
6.810000000000000000e+02 4.821875000000000000e+01
6.820000000000000000e+02 4.742187500000000000e+01
6.830000000000000000e+02 4.740625000000000000e+01
6.840000000000000000e+02 4.970312500000000000e+01
6.850000000000000000e+02 4.968750000000000000e+00
6.860000000000000000e+02 4.500000000000000000e+00
6.870000000000000000e+02 3.625000000000000000e+00
6.880000000000000000e+02 2.593750000000000000e+00
6.890000000000000000e+02 3.343750000000000000e+00
6.900000000000000000e+02 4.609375000000000000e+00
6.910000000000000000e+02 3.834375000000000000e+01
6.920000000000000000e+02 4.445312500000000000e+01
6.930000000000000000e+02 4.129687500000000000e+01
6.940000000000000000e+02 3.184375000000000000e+01
6.950000000000000000e+02 4.276562500000000000e+01
6.960000000000000000e+02 4.051562500000000000e+01
6.970000000000000000e+02 3.582812500000000000e+01
6.980000000000000000e+02 1.509375000000000000e+01
6.990000000000000000e+02 4.531250000000000000e+00
7.000000000000000000e+02 3.484375000000000000e+00
7.010000000000000000e+02 1.890625000000000000e+00
7.020000000000000000e+02 9.843750000000000000e-01
7.040000000000000000e+02 9.843750000000000000e-01
7.070000000000000000e+02 7.500000000000000000e-01
7.080000000000000000e+02 3.125000000000000000e-02
7.090000000000000000e+02 1.093750000000000000e-01
7.100000000000000000e+02 1.421875000000000000e+00
7.110000000000000000e+02 1.110937500000000000e+01
7.120000000000000000e+02 1.440625000000000000e+01
7.130000000000000000e+02 3.359375000000000000e+00
7.140000000000000000e+02 2.131250000000000000e+01
7.150000000000000000e+02 2.257812500000000000e+01
7.160000000000000000e+02 1.885937500000000000e+01
7.170000000000000000e+02 2.487500000000000000e+01
7.180000000000000000e+02 2.665625000000000000e+01
7.190000000000000000e+02 3.664062500000000000e+01
7.200000000000000000e+02 3.976562500000000000e+01
7.210000000000000000e+02 4.620312500000000000e+01
7.220000000000000000e+02 4.585937500000000000e+01
7.230000000000000000e+02 4.915625000000000000e+01
7.240000000000000000e+02 5.154687500000000000e+01
7.250000000000000000e+02 5.403125000000000000e+01
7.260000000000000000e+02 5.417187500000000000e+01
7.280000000000000000e+02 1.843750000000000000e+00
7.290000000000000000e+02 2.390625000000000000e+00
7.300000000000000000e+02 8.750000000000000000e-01
7.310000000000000000e+02 9.062500000000000000e-01
7.320000000000000000e+02 1.843750000000000000e+00
7.330000000000000000e+02 1.531250000000000000e+00
7.340000000000000000e+02 1.984375000000000000e+00
7.350000000000000000e+02 5.875000000000000000e+00
7.360000000000000000e+02 3.851562500000000000e+01
7.370000000000000000e+02 3.335937500000000000e+01
7.380000000000000000e+02 3.235937500000000000e+01
7.390000000000000000e+02 5.718750000000000000e+00
7.400000000000000000e+02 4.656250000000000000e+00
7.410000000000000000e+02 4.390625000000000000e+00
7.420000000000000000e+02 1.828125000000000000e+00
7.430000000000000000e+02 9.687500000000000000e-01
7.440000000000000000e+02 9.375000000000000000e-01
7.450000000000000000e+02 9.531250000000000000e-01
7.470000000000000000e+02 6.718750000000000000e-01
7.480000000000000000e+02 1.093750000000000000e+00
7.490000000000000000e+02 6.250000000000000000e-02
7.500000000000000000e+02 1.218750000000000000e+01
7.510000000000000000e+02 1.140625000000000000e+01
7.520000000000000000e+02 1.292187500000000000e+01
7.530000000000000000e+02 1.490625000000000000e+01
7.540000000000000000e+02 1.982812500000000000e+01
7.550000000000000000e+02 2.143750000000000000e+01
7.560000000000000000e+02 2.592187500000000000e+01
7.570000000000000000e+02 2.673437500000000000e+01
7.580000000000000000e+02 3.398437500000000000e+01
7.590000000000000000e+02 3.835937500000000000e+01
7.600000000000000000e+02 4.185937500000000000e+01
7.610000000000000000e+02 4.840625000000000000e+01
7.620000000000000000e+02 5.046875000000000000e+01
7.630000000000000000e+02 5.514062500000000000e+01
7.640000000000000000e+02 5.525000000000000000e+01
7.650000000000000000e+02 5.564062500000000000e+01
7.660000000000000000e+02 5.242187500000000000e+01
7.670000000000000000e+02 9.843750000000000000e-01
7.680000000000000000e+02 1.000000000000000000e+00
7.690000000000000000e+02 9.375000000000000000e-01
7.700000000000000000e+02 1.812500000000000000e+00
7.710000000000000000e+02 1.906250000000000000e+00
7.720000000000000000e+02 2.937500000000000000e+00
7.730000000000000000e+02 4.812500000000000000e+00
7.740000000000000000e+02 4.937500000000000000e+00
7.750000000000000000e+02 5.140625000000000000e+00
7.760000000000000000e+02 4.796875000000000000e+00
7.770000000000000000e+02 2.578125000000000000e+00
7.780000000000000000e+02 1.937500000000000000e+00
7.790000000000000000e+02 1.906250000000000000e+00
7.800000000000000000e+02 1.000000000000000000e+00
7.820000000000000000e+02 4.375000000000000000e-01
7.830000000000000000e+02 7.187500000000000000e-01
7.850000000000000000e+02 1.437500000000000000e+00
7.860000000000000000e+02 1.171875000000000000e+00
7.870000000000000000e+02 1.384375000000000000e+01
7.880000000000000000e+02 1.918750000000000000e+01
7.890000000000000000e+02 2.185937500000000000e+01
7.900000000000000000e+02 2.557812500000000000e+01
7.910000000000000000e+02 2.889062500000000000e+01
7.920000000000000000e+02 3.685937500000000000e+01
7.930000000000000000e+02 4.118750000000000000e+01
7.940000000000000000e+02 4.229687500000000000e+01
7.950000000000000000e+02 4.707812500000000000e+01
7.960000000000000000e+02 5.150000000000000000e+01
7.970000000000000000e+02 5.823437500000000000e+01
7.980000000000000000e+02 5.770312500000000000e+01
7.990000000000000000e+02 1.000000000000000000e+00
8.000000000000000000e+02 1.000000000000000000e+00
8.020000000000000000e+02 9.687500000000000000e-01
8.030000000000000000e+02 2.953125000000000000e+00
8.040000000000000000e+02 1.937500000000000000e+00
8.050000000000000000e+02 2.968750000000000000e+00
8.060000000000000000e+02 2.000000000000000000e+00
8.070000000000000000e+02 2.843750000000000000e+00
8.080000000000000000e+02 1.984375000000000000e+00
8.090000000000000000e+02 1.968750000000000000e+00
8.100000000000000000e+02 1.984375000000000000e+00
8.140000000000000000e+02 5.000000000000000000e-01
8.150000000000000000e+02 1.156250000000000000e+00
8.160000000000000000e+02 1.843750000000000000e+00
8.170000000000000000e+02 1.350000000000000000e+01
8.180000000000000000e+02 2.298437500000000000e+01
8.190000000000000000e+02 1.995312500000000000e+01
8.200000000000000000e+02 2.325000000000000000e+01
8.210000000000000000e+02 3.204687500000000000e+01
8.220000000000000000e+02 3.979687500000000000e+01
8.230000000000000000e+02 4.223437500000000000e+01
8.240000000000000000e+02 4.489062500000000000e+01
8.250000000000000000e+02 5.101562500000000000e+01
8.260000000000000000e+02 5.442187500000000000e+01
8.270000000000000000e+02 5.531250000000000000e+01
8.280000000000000000e+02 6.012500000000000000e+01
8.290000000000000000e+02 9.843750000000000000e-01
8.300000000000000000e+02 9.843750000000000000e-01
8.310000000000000000e+02 1.000000000000000000e+00
8.320000000000000000e+02 1.000000000000000000e+00
8.330000000000000000e+02 1.765625000000000000e+00
8.340000000000000000e+02 2.953125000000000000e+00
8.350000000000000000e+02 1.000000000000000000e+00
8.360000000000000000e+02 1.000000000000000000e+00
8.390000000000000000e+02 4.843750000000000000e-01
8.400000000000000000e+02 3.437500000000000000e+00
8.410000000000000000e+02 2.921875000000000000e+00
8.420000000000000000e+02 1.926562500000000000e+01
8.430000000000000000e+02 2.332812500000000000e+01
8.440000000000000000e+02 2.331250000000000000e+01
8.450000000000000000e+02 3.320312500000000000e+01
8.460000000000000000e+02 4.531250000000000000e+01
8.470000000000000000e+02 4.671875000000000000e+01
8.480000000000000000e+02 5.306250000000000000e+01
8.490000000000000000e+02 5.373437500000000000e+01
8.500000000000000000e+02 1.000000000000000000e+00
8.510000000000000000e+02 6.875000000000000000e-01
8.580000000000000000e+02 6.718750000000000000e-01
8.590000000000000000e+02 3.343750000000000000e+00
8.600000000000000000e+02 1.845312500000000000e+01
8.610000000000000000e+02 2.296875000000000000e+01
8.620000000000000000e+02 2.815625000000000000e+01
8.630000000000000000e+02 3.910937500000000000e+01
8.640000000000000000e+02 3.775000000000000000e+01
8.650000000000000000e+02 4.929687500000000000e+01
