4.120000000000000000e+02 1.142600000000000051e+02 -2.649999999999999911e+00
4.630000000000000000e+02 1.169904400000000066e+02 4.549999999999999822e+00
4.640000000000000000e+02 1.238322200000000066e+02 4.549999999999999822e+00
5.140000000000000000e+02 1.067486700000000042e+02 1.175000000000000000e+01
6.640000000000000000e+02 1.254970699999999937e+02 3.335000000000000142e+01
6.650000000000000000e+02 1.333503599999999949e+02 3.335000000000000142e+01
7.060000000000000000e+02 1.060818500000000029e+02 4.054999999999999716e+01
7.070000000000000000e+02 1.146986700000000070e+02 4.054999999999999716e+01
7.080000000000000000e+02 1.233154799999999938e+02 4.054999999999999716e+01
7.090000000000000000e+02 1.319322999999999979e+02 4.054999999999999716e+01
7.100000000000000000e+02 1.405491100000000131e+02 4.054999999999999716e+01
7.110000000000000000e+02 1.491659300000000030e+02 4.054999999999999716e+01
7.470000000000000000e+02 1.101276199999999932e+02 4.775000000000000000e+01
7.480000000000000000e+02 1.195523100000000056e+02 4.775000000000000000e+01
7.490000000000000000e+02 1.289770000000000039e+02 4.775000000000000000e+01
7.500000000000000000e+02 1.384016900000000021e+02 4.775000000000000000e+01
7.510000000000000000e+02 1.478263800000000003e+02 4.775000000000000000e+01
7.520000000000000000e+02 1.572510800000000017e+02 4.775000000000000000e+01
7.820000000000000000e+02 1.039019499999999994e+02 5.495000000000000284e+01
7.830000000000000000e+02 1.148267100000000056e+02 5.495000000000000284e+01
7.840000000000000000e+02 1.257514599999999945e+02 5.495000000000000284e+01
7.850000000000000000e+02 1.366762200000000007e+02 5.495000000000000284e+01
7.860000000000000000e+02 1.476009699999999896e+02 5.495000000000000284e+01
7.870000000000000000e+02 1.585257300000000100e+02 5.495000000000000284e+01
7.880000000000000000e+02 1.694504900000000021e+02 5.495000000000000284e+01
8.140000000000000000e+02 1.133333300000000037e+02 6.214999999999999858e+01
8.160000000000000000e+02 1.400000000000000000e+02 6.214999999999999858e+01
8.170000000000000000e+02 1.533333299999999895e+02 6.214999999999999858e+01
8.180000000000000000e+02 1.666666700000000105e+02 6.214999999999999858e+01
8.380000000000000000e+02 9.428570999999999458e+01 6.934999999999999432e+01
8.390000000000000000e+02 1.114285699999999935e+02 6.934999999999999432e+01
8.400000000000000000e+02 1.285714299999999923e+02 6.934999999999999432e+01
8.420000000000000000e+02 1.628571399999999869e+02 6.934999999999999432e+01
8.430000000000000000e+02 1.800000000000000000e+02 6.934999999999999432e+01
8.580000000000000000e+02 1.080000000000000000e+02 7.654999999999999716e+01
8.590000000000000000e+02 1.320000000000000000e+02 7.654999999999999716e+01
8.600000000000000000e+02 1.560000000000000000e+02 7.654999999999999716e+01
8.610000000000000000e+02 1.800000000000000000e+02 7.654999999999999716e+01
8.700000000000000000e+02 6.000000000000000000e+01 8.375000000000000000e+01
8.710000000000000000e+02 1.000000000000000000e+02 8.375000000000000000e+01
8.720000000000000000e+02 1.400000000000000000e+02 8.375000000000000000e+01
8.740000000000000000e+02 2.200000000000000000e+02 8.375000000000000000e+01
8.750000000000000000e+02 2.600000000000000000e+02 8.375000000000000000e+01
8.760000000000000000e+02 3.000000000000000000e+02 8.375000000000000000e+01
