7.580000000000000000e+02 1.050000000000000000e+02 2.144992300000000114e+02 4.775000000000000000e+01 3.398437500000000000e+01
7.590000000000000000e+02 1.050000000000000000e+02 2.242739200000000039e+02 4.775000000000000000e+01 3.835937500000000000e+01
7.600000000000000000e+02 1.050000000000000000e+02 2.340486199999999997e+02 4.775000000000000000e+01 4.185937500000000000e+01
7.910000000000000000e+02 1.050000000000000000e+02 2.024011199999999917e+02 5.495000000000000284e+01 2.889062500000000000e+01
7.920000000000000000e+02 1.050000000000000000e+02 2.134122399999999971e+02 5.495000000000000284e+01 3.685937500000000000e+01
7.930000000000000000e+02 1.050000000000000000e+02 2.245060900000000004e+02 5.495000000000000284e+01 4.118750000000000000e+01
7.940000000000000000e+02 1.050000000000000000e+02 2.356035699999999906e+02 5.495000000000000284e+01 4.229687500000000000e+01
8.200000000000000000e+02 1.050000000000000000e+02 1.933333299999999895e+02 6.214999999999999858e+01 2.325000000000000000e+01
8.210000000000000000e+02 1.050000000000000000e+02 2.066666700000000105e+02 6.214999999999999858e+01 3.204687500000000000e+01
8.220000000000000000e+02 1.050000000000000000e+02 2.200000000000000000e+02 6.214999999999999858e+01 3.979687500000000000e+01
8.230000000000000000e+02 1.050000000000000000e+02 2.333333299999999895e+02 6.214999999999999858e+01 4.223437500000000000e+01
8.440000000000000000e+02 1.050000000000000000e+02 1.971428600000000131e+02 6.934999999999999432e+01 2.331250000000000000e+01
8.450000000000000000e+02 1.050000000000000000e+02 2.142857099999999946e+02 6.934999999999999432e+01 3.320312500000000000e+01
8.460000000000000000e+02 1.050000000000000000e+02 2.314285700000000077e+02 6.934999999999999432e+01 4.531250000000000000e+01
8.620000000000000000e+02 1.050000000000000000e+02 2.040000000000000000e+02 7.654999999999999716e+01 2.815625000000000000e+01
8.630000000000000000e+02 1.050000000000000000e+02 2.280000000000000000e+02 7.654999999999999716e+01 3.910937500000000000e+01
8.640000000000000000e+02 1.050000000000000000e+02 2.520000000000000000e+02 7.654999999999999716e+01 3.775000000000000000e+01
8.740000000000000000e+02 1.050000000000000000e+02 2.200000000000000000e+02 8.375000000000000000e+01 0.000000000000000000e+00
8.750000000000000000e+02 1.050000000000000000e+02 2.600000000000000000e+02 8.375000000000000000e+01 0.000000000000000000e+00
