5.800000000000000000e+02 9.500000000000000000e+01 1.996875000000000000e+01 2.162360799999999870e+02 1.894999999999999929e+01 2.542187500000000000e+01
6.280000000000000000e+02 9.600000000000000000e+01 2.265416666666666856e+01 2.109542899999999861e+02 2.614999999999999858e+01 2.745312500000000000e+01
6.290000000000000000e+02 9.900000000000000000e+01 2.140555555555555500e+01 2.184360000000000070e+02 2.614999999999999858e+01 2.664062500000000000e+01
6.300000000000000000e+02 9.800000000000000000e+01 1.943680555555555500e+01 2.259177099999999996e+02 2.614999999999999858e+01 3.510937500000000000e+01
6.730000000000000000e+02 9.500000000000000000e+01 2.694375000000000497e+01 1.961766399999999919e+02 3.335000000000000142e+01 1.728125000000000000e+01
6.740000000000000000e+02 9.600000000000000000e+01 2.537708333333333144e+01 2.040299300000000073e+02 3.335000000000000142e+01 2.707812500000000000e+01
6.750000000000000000e+02 9.900000000000000000e+01 2.418819444444444500e+01 2.118832099999999912e+02 3.335000000000000142e+01 2.734375000000000000e+01
6.760000000000000000e+02 1.000000000000000000e+02 2.231736111111111498e+01 2.197365000000000066e+02 3.335000000000000142e+01 3.721875000000000000e+01
6.770000000000000000e+02 1.020000000000000000e+02 2.076736111111111072e+01 2.275897899999999936e+02 3.335000000000000142e+01 3.873437500000000000e+01
6.780000000000000000e+02 9.600000000000000000e+01 1.838680555555555429e+01 2.354430700000000058e+02 3.335000000000000142e+01 4.542187500000000000e+01
7.160000000000000000e+02 9.600000000000000000e+01 2.898263888888888928e+01 1.922500000000000000e+02 4.054999999999999716e+01 1.885937500000000000e+01
7.170000000000000000e+02 9.800000000000000000e+01 2.762013888888888857e+01 2.008668099999999868e+02 4.054999999999999716e+01 2.487500000000000000e+01
7.180000000000000000e+02 1.000000000000000000e+02 2.607361111111111285e+01 2.094836300000000051e+02 4.054999999999999716e+01 2.665625000000000000e+01
7.190000000000000000e+02 1.030000000000000000e+02 2.467916666666666714e+01 2.181004399999999919e+02 4.054999999999999716e+01 3.664062500000000000e+01
7.200000000000000000e+02 1.040000000000000000e+02 2.248194444444444429e+01 2.267172600000000102e+02 4.054999999999999716e+01 3.976562500000000000e+01
7.210000000000000000e+02 1.000000000000000000e+02 1.989652777777777715e+01 2.353340699999999970e+02 4.054999999999999716e+01 4.620312500000000000e+01
7.550000000000000000e+02 1.010000000000000000e+02 3.237291666666666856e+01 1.855251499999999965e+02 4.775000000000000000e+01 2.143750000000000000e+01
7.560000000000000000e+02 1.010000000000000000e+02 3.056319444444444500e+01 1.949498499999999979e+02 4.775000000000000000e+01 2.592187500000000000e+01
7.570000000000000000e+02 1.040000000000000000e+02 2.910486111111111285e+01 2.047245399999999904e+02 4.775000000000000000e+01 2.673437500000000000e+01
7.580000000000000000e+02 1.050000000000000000e+02 2.726319444444444429e+01 2.144992300000000114e+02 4.775000000000000000e+01 3.398437500000000000e+01
7.590000000000000000e+02 1.050000000000000000e+02 2.450347222222222143e+01 2.242739200000000039e+02 4.775000000000000000e+01 3.835937500000000000e+01
7.600000000000000000e+02 1.050000000000000000e+02 2.166736111111110930e+01 2.340486199999999997e+02 4.775000000000000000e+01 4.185937500000000000e+01
7.610000000000000000e+02 9.600000000000000000e+01 1.820347222222222427e+01 2.438233099999999922e+02 4.775000000000000000e+01 4.840625000000000000e+01
7.890000000000000000e+02 1.010000000000000000e+02 3.439166666666665861e+01 1.803788800000000094e+02 5.495000000000000284e+01 2.185937500000000000e+01
7.900000000000000000e+02 1.020000000000000000e+02 3.243888888888888999e+01 1.913899999999999864e+02 5.495000000000000284e+01 2.557812500000000000e+01
7.910000000000000000e+02 1.050000000000000000e+02 3.124097222222222214e+01 2.024011199999999917e+02 5.495000000000000284e+01 2.889062500000000000e+01
7.920000000000000000e+02 1.050000000000000000e+02 2.850833333333333641e+01 2.134122399999999971e+02 5.495000000000000284e+01 3.685937500000000000e+01
7.930000000000000000e+02 1.050000000000000000e+02 2.547638888888888786e+01 2.245060900000000004e+02 5.495000000000000284e+01 4.118750000000000000e+01
7.940000000000000000e+02 1.050000000000000000e+02 2.226041666666666430e+01 2.356035699999999906e+02 5.495000000000000284e+01 4.229687500000000000e+01
7.950000000000000000e+02 9.600000000000000000e+01 1.839583333333333570e+01 2.467010500000000093e+02 5.495000000000000284e+01 4.707812500000000000e+01
8.200000000000000000e+02 1.050000000000000000e+02 3.411180555555556282e+01 1.933333299999999895e+02 6.214999999999999858e+01 2.325000000000000000e+01
8.210000000000000000e+02 1.050000000000000000e+02 3.117013888888888928e+01 2.066666700000000105e+02 6.214999999999999858e+01 3.204687500000000000e+01
8.220000000000000000e+02 1.050000000000000000e+02 2.781736111111111143e+01 2.200000000000000000e+02 6.214999999999999858e+01 3.979687500000000000e+01
8.230000000000000000e+02 1.050000000000000000e+02 2.407361111111111285e+01 2.333333299999999895e+02 6.214999999999999858e+01 4.223437500000000000e+01
8.240000000000000000e+02 1.000000000000000000e+02 1.982222222222222285e+01 2.466666700000000105e+02 6.214999999999999858e+01 4.489062500000000000e+01
8.440000000000000000e+02 1.050000000000000000e+02 3.433055555555555571e+01 1.971428600000000131e+02 6.934999999999999432e+01 2.331250000000000000e+01
8.450000000000000000e+02 1.050000000000000000e+02 3.052013888888888715e+01 2.142857099999999946e+02 6.934999999999999432e+01 3.320312500000000000e+01
8.460000000000000000e+02 1.050000000000000000e+02 2.603749999999999787e+01 2.314285700000000077e+02 6.934999999999999432e+01 4.531250000000000000e+01
8.470000000000000000e+02 1.030000000000000000e+02 2.092569444444444571e+01 2.485714299999999923e+02 6.934999999999999432e+01 4.671875000000000000e+01
8.620000000000000000e+02 1.050000000000000000e+02 3.446388888888888857e+01 2.040000000000000000e+02 7.654999999999999716e+01 2.815625000000000000e+01
8.630000000000000000e+02 1.050000000000000000e+02 2.899513888888888857e+01 2.280000000000000000e+02 7.654999999999999716e+01 3.910937500000000000e+01
8.640000000000000000e+02 1.050000000000000000e+02 2.230902777777777857e+01 2.520000000000000000e+02 7.654999999999999716e+01 3.775000000000000000e+01
8.740000000000000000e+02 1.050000000000000000e+02 3.536111111111111427e+01 2.200000000000000000e+02 8.375000000000000000e+01 0.000000000000000000e+00
8.750000000000000000e+02 1.050000000000000000e+02 2.607291666666666785e+01 2.600000000000000000e+02 8.375000000000000000e+01 0.000000000000000000e+00
