2.550000000000000000e+02 7.509111000000000047e+01 -2.425000000000000000e+01
2.560000000000000000e+02 8.248417999999999495e+01 -2.425000000000000000e+01
2.570000000000000000e+02 8.987725000000000364e+01 -2.425000000000000000e+01
3.030000000000000000e+02 6.536445999999999401e+01 -1.705000000000000071e+01
3.040000000000000000e+02 7.244638999999999385e+01 -1.705000000000000071e+01
3.050000000000000000e+02 7.952831999999999368e+01 -1.705000000000000071e+01
3.530000000000000000e+02 6.159429999999999694e+01 -9.849999999999999645e+00
3.540000000000000000e+02 6.864347999999999672e+01 -9.849999999999999645e+00
3.550000000000000000e+02 7.569267000000000678e+01 -9.849999999999999645e+00
4.120000000000000000e+02 1.142600000000000051e+02 -2.649999999999999911e+00
6.510000000000000000e+02 2.392567000000000021e+01 3.335000000000000142e+01
6.520000000000000000e+02 3.170944000000000074e+01 3.335000000000000142e+01
6.530000000000000000e+02 3.949322000000000088e+01 3.335000000000000142e+01
6.950000000000000000e+02 1.190000000000000036e+01 4.039999999999999858e+01
6.960000000000000000e+02 2.038973000000000013e+01 4.054999999999999716e+01
6.970000000000000000e+02 2.887947000000000131e+01 4.054999999999999716e+01
6.980000000000000000e+02 3.742752999999999730e+01 4.054999999999999716e+01
7.100000000000000000e+02 1.405491100000000131e+02 4.054999999999999716e+01
7.370000000000000000e+02 1.225000000000000000e+01 4.775000000000000000e+01
7.380000000000000000e+02 2.228708999999999918e+01 4.775000000000000000e+01
7.480000000000000000e+02 1.195523100000000056e+02 4.775000000000000000e+01
7.490000000000000000e+02 1.289770000000000039e+02 4.775000000000000000e+01
7.500000000000000000e+02 1.384016900000000021e+02 4.775000000000000000e+01
7.510000000000000000e+02 1.478263800000000003e+02 4.775000000000000000e+01
7.820000000000000000e+02 1.039019499999999994e+02 5.495000000000000284e+01
7.830000000000000000e+02 1.148267100000000056e+02 5.495000000000000284e+01
7.840000000000000000e+02 1.257514599999999945e+02 5.495000000000000284e+01
7.850000000000000000e+02 1.366762200000000007e+02 5.495000000000000284e+01
7.860000000000000000e+02 1.476009699999999896e+02 5.495000000000000284e+01
7.870000000000000000e+02 1.585257300000000100e+02 5.495000000000000284e+01
8.140000000000000000e+02 1.133333300000000037e+02 6.214999999999999858e+01
8.160000000000000000e+02 1.400000000000000000e+02 6.214999999999999858e+01
8.170000000000000000e+02 1.533333299999999895e+02 6.214999999999999858e+01
8.180000000000000000e+02 1.666666700000000105e+02 6.214999999999999858e+01
8.380000000000000000e+02 9.428570999999999458e+01 6.934999999999999432e+01
8.390000000000000000e+02 1.114285699999999935e+02 6.934999999999999432e+01
8.400000000000000000e+02 1.285714299999999923e+02 6.934999999999999432e+01
8.420000000000000000e+02 1.628571399999999869e+02 6.934999999999999432e+01
8.580000000000000000e+02 1.080000000000000000e+02 7.654999999999999716e+01
8.590000000000000000e+02 1.320000000000000000e+02 7.654999999999999716e+01
8.600000000000000000e+02 1.560000000000000000e+02 7.654999999999999716e+01
8.610000000000000000e+02 1.800000000000000000e+02 7.654999999999999716e+01
8.700000000000000000e+02 6.000000000000000000e+01 8.375000000000000000e+01
8.710000000000000000e+02 1.000000000000000000e+02 8.375000000000000000e+01
8.720000000000000000e+02 1.400000000000000000e+02 8.375000000000000000e+01
8.740000000000000000e+02 2.200000000000000000e+02 8.375000000000000000e+01
8.750000000000000000e+02 2.600000000000000000e+02 8.375000000000000000e+01
8.760000000000000000e+02 3.000000000000000000e+02 8.375000000000000000e+01
