2.550000000000000000e+02 0.000000000000000000e+00
2.560000000000000000e+02 0.000000000000000000e+00
2.570000000000000000e+02 0.000000000000000000e+00
3.030000000000000000e+02 0.000000000000000000e+00
3.040000000000000000e+02 0.000000000000000000e+00
3.050000000000000000e+02 0.000000000000000000e+00
3.530000000000000000e+02 0.000000000000000000e+00
3.540000000000000000e+02 0.000000000000000000e+00
3.550000000000000000e+02 0.000000000000000000e+00
4.120000000000000000e+02 0.000000000000000000e+00
6.510000000000000000e+02 6.300000000000000000e+01
6.520000000000000000e+02 0.000000000000000000e+00
6.530000000000000000e+02 0.000000000000000000e+00
6.950000000000000000e+02 6.000000000000000000e+01
6.960000000000000000e+02 5.900000000000000000e+01
6.970000000000000000e+02 6.100000000000000000e+01
6.980000000000000000e+02 0.000000000000000000e+00
7.100000000000000000e+02 6.200000000000000000e+01
7.370000000000000000e+02 3.700000000000000000e+01
7.380000000000000000e+02 3.400000000000000000e+01
7.480000000000000000e+02 6.400000000000000000e+01
7.490000000000000000e+02 6.400000000000000000e+01
7.500000000000000000e+02 6.400000000000000000e+01
7.510000000000000000e+02 6.400000000000000000e+01
7.820000000000000000e+02 0.000000000000000000e+00
7.830000000000000000e+02 0.000000000000000000e+00
7.840000000000000000e+02 0.000000000000000000e+00
7.850000000000000000e+02 0.000000000000000000e+00
7.860000000000000000e+02 0.000000000000000000e+00
7.870000000000000000e+02 5.400000000000000000e+01
8.140000000000000000e+02 0.000000000000000000e+00
8.160000000000000000e+02 0.000000000000000000e+00
8.170000000000000000e+02 3.800000000000000000e+01
8.180000000000000000e+02 6.000000000000000000e+01
8.380000000000000000e+02 0.000000000000000000e+00
8.390000000000000000e+02 0.000000000000000000e+00
8.400000000000000000e+02 0.000000000000000000e+00
8.420000000000000000e+02 5.100000000000000000e+01
8.580000000000000000e+02 0.000000000000000000e+00
8.590000000000000000e+02 0.000000000000000000e+00
8.600000000000000000e+02 3.700000000000000000e+01
8.610000000000000000e+02 3.800000000000000000e+01
8.700000000000000000e+02 0.000000000000000000e+00
8.710000000000000000e+02 0.000000000000000000e+00
8.720000000000000000e+02 0.000000000000000000e+00
8.740000000000000000e+02 0.000000000000000000e+00
8.750000000000000000e+02 0.000000000000000000e+00
8.760000000000000000e+02 0.000000000000000000e+00
