6.270000000000000000e+02 1.800000000000000000e+01 1.500000000000000000e+01 1.000000000000000000e+00
8.230000000000000000e+02 3.000000000000000000e+00 2.700000000000000000e+01 6.000000000000000000e+00
6.750000000000000000e+02 1.900000000000000000e+01 1.700000000000000000e+01 9.000000000000000000e+00
5.240000000000000000e+02 1.100000000000000000e+01 8.000000000000000000e+00 0.000000000000000000e+00
7.590000000000000000e+02 9.000000000000000000e+00 1.600000000000000000e+01 5.000000000000000000e+00
5.760000000000000000e+02 8.000000000000000000e+00 2.200000000000000000e+01 2.000000000000000000e+00
7.190000000000000000e+02 1.400000000000000000e+01 2.000000000000000000e+01 9.000000000000000000e+00
6.260000000000000000e+02 1.300000000000000000e+01 1.400000000000000000e+01 0.000000000000000000e+00
6.740000000000000000e+02 1.800000000000000000e+01 1.800000000000000000e+01 4.000000000000000000e+00
7.930000000000000000e+02 7.000000000000000000e+00 3.800000000000000000e+01 1.900000000000000000e+01
5.230000000000000000e+02 8.000000000000000000e+00 8.000000000000000000e+00 9.000000000000000000e+00
8.460000000000000000e+02 1.300000000000000000e+01 2.600000000000000000e+01 9.000000000000000000e+00
7.180000000000000000e+02 1.100000000000000000e+01 1.500000000000000000e+01 6.000000000000000000e+00
6.250000000000000000e+02 1.400000000000000000e+01 2.100000000000000000e+01 0.000000000000000000e+00
5.750000000000000000e+02 1.500000000000000000e+01 3.300000000000000000e+01 0.000000000000000000e+00
5.740000000000000000e+02 7.000000000000000000e+00 1.100000000000000000e+01 0.000000000000000000e+00
6.730000000000000000e+02 1.500000000000000000e+01 1.600000000000000000e+01 0.000000000000000000e+00
7.580000000000000000e+02 1.600000000000000000e+01 1.400000000000000000e+01 1.300000000000000000e+01
6.240000000000000000e+02 8.000000000000000000e+00 8.000000000000000000e+00 2.000000000000000000e+00
7.170000000000000000e+02 2.200000000000000000e+01 1.300000000000000000e+01 4.000000000000000000e+00
6.230000000000000000e+02 1.700000000000000000e+01 1.600000000000000000e+01 0.000000000000000000e+00
8.220000000000000000e+02 5.000000000000000000e+00 2.800000000000000000e+01 1.700000000000000000e+01
6.720000000000000000e+02 2.100000000000000000e+01 1.300000000000000000e+01 1.000000000000000000e+00
7.920000000000000000e+02 7.000000000000000000e+00 2.600000000000000000e+01 1.500000000000000000e+01
6.710000000000000000e+02 3.000000000000000000e+01 1.700000000000000000e+01 1.000000000000000000e+00
7.160000000000000000e+02 4.400000000000000000e+01 2.100000000000000000e+01 0.000000000000000000e+00
8.630000000000000000e+02 1.300000000000000000e+01 1.800000000000000000e+01 6.000000000000000000e+00
6.700000000000000000e+02 2.000000000000000000e+01 1.200000000000000000e+01 4.000000000000000000e+00
7.570000000000000000e+02 2.200000000000000000e+01 2.300000000000000000e+01 4.000000000000000000e+00
7.150000000000000000e+02 2.100000000000000000e+01 1.500000000000000000e+01 2.000000000000000000e+00
7.140000000000000000e+02 1.600000000000000000e+01 1.400000000000000000e+01 3.000000000000000000e+00
8.450000000000000000e+02 9.000000000000000000e+00 2.400000000000000000e+01 3.000000000000000000e+00
7.560000000000000000e+02 1.300000000000000000e+01 1.900000000000000000e+01 3.000000000000000000e+00
8.210000000000000000e+02 4.000000000000000000e+00 2.300000000000000000e+01 1.300000000000000000e+01
7.910000000000000000e+02 1.500000000000000000e+01 2.500000000000000000e+01 8.000000000000000000e+00
7.550000000000000000e+02 1.700000000000000000e+01 1.800000000000000000e+01 7.000000000000000000e+00
7.900000000000000000e+02 1.500000000000000000e+01 2.100000000000000000e+01 4.000000000000000000e+00
7.540000000000000000e+02 1.600000000000000000e+01 1.200000000000000000e+01 2.000000000000000000e+00
8.200000000000000000e+02 9.000000000000000000e+00 2.500000000000000000e+01 4.000000000000000000e+00
8.440000000000000000e+02 4.000000000000000000e+00 1.900000000000000000e+01 7.000000000000000000e+00
7.890000000000000000e+02 1.200000000000000000e+01 1.900000000000000000e+01 3.000000000000000000e+00
8.620000000000000000e+02 3.000000000000000000e+00 1.200000000000000000e+01 5.000000000000000000e+00
8.190000000000000000e+02 1.200000000000000000e+01 2.100000000000000000e+01 1.600000000000000000e+01
8.430000000000000000e+02 6.000000000000000000e+00 2.100000000000000000e+01 3.000000000000000000e+00
8.610000000000000000e+02 1.000000000000000000e+01 5.000000000000000000e+00 1.200000000000000000e+01
