3.050000000000000000e+02
3.110000000000000000e+02
3.550000000000000000e+02
3.620000000000000000e+02
4.060000000000000000e+02
4.120000000000000000e+02
4.130000000000000000e+02
4.140000000000000000e+02
4.570000000000000000e+02
4.630000000000000000e+02
4.640000000000000000e+02
4.650000000000000000e+02
5.140000000000000000e+02
5.150000000000000000e+02
5.160000000000000000e+02
5.170000000000000000e+02
5.640000000000000000e+02
5.650000000000000000e+02
5.660000000000000000e+02
5.670000000000000000e+02
5.680000000000000000e+02
6.140000000000000000e+02
6.150000000000000000e+02
6.160000000000000000e+02
6.170000000000000000e+02
6.180000000000000000e+02
6.620000000000000000e+02
6.630000000000000000e+02
6.640000000000000000e+02
6.650000000000000000e+02
6.660000000000000000e+02
6.980000000000000000e+02
7.060000000000000000e+02
7.070000000000000000e+02
7.080000000000000000e+02
7.090000000000000000e+02
7.100000000000000000e+02
7.110000000000000000e+02
7.120000000000000000e+02
7.470000000000000000e+02
7.480000000000000000e+02
7.490000000000000000e+02
7.500000000000000000e+02
7.510000000000000000e+02
7.520000000000000000e+02
7.530000000000000000e+02
7.820000000000000000e+02
7.830000000000000000e+02
7.840000000000000000e+02
7.850000000000000000e+02
7.860000000000000000e+02
7.870000000000000000e+02
7.880000000000000000e+02
8.140000000000000000e+02
8.160000000000000000e+02
8.170000000000000000e+02
8.180000000000000000e+02
8.190000000000000000e+02
8.380000000000000000e+02
8.390000000000000000e+02
8.400000000000000000e+02
8.420000000000000000e+02
8.430000000000000000e+02
8.580000000000000000e+02
8.590000000000000000e+02
8.600000000000000000e+02
8.610000000000000000e+02
8.700000000000000000e+02
8.710000000000000000e+02
8.720000000000000000e+02
8.740000000000000000e+02
8.750000000000000000e+02
8.760000000000000000e+02
