6.480000000000000000e+02
6.930000000000000000e+02
6.940000000000000000e+02
7.360000000000000000e+02
7.370000000000000000e+02
7.860000000000000000e+02
8.160000000000000000e+02
8.170000000000000000e+02
8.380000000000000000e+02
8.390000000000000000e+02
8.400000000000000000e+02
8.580000000000000000e+02
8.590000000000000000e+02
8.600000000000000000e+02
8.700000000000000000e+02
8.710000000000000000e+02
8.720000000000000000e+02
8.740000000000000000e+02
8.750000000000000000e+02
8.760000000000000000e+02
