2.500000000000000000e+02
2.510000000000000000e+02
2.520000000000000000e+02
2.530000000000000000e+02
2.540000000000000000e+02
2.550000000000000000e+02
2.560000000000000000e+02
2.570000000000000000e+02
2.980000000000000000e+02
2.990000000000000000e+02
3.000000000000000000e+02
3.010000000000000000e+02
3.020000000000000000e+02
3.030000000000000000e+02
3.040000000000000000e+02
3.050000000000000000e+02
3.480000000000000000e+02
3.490000000000000000e+02
3.510000000000000000e+02
3.520000000000000000e+02
3.530000000000000000e+02
3.550000000000000000e+02
3.980000000000000000e+02
4.000000000000000000e+02
4.120000000000000000e+02
4.470000000000000000e+02
4.480000000000000000e+02
4.500000000000000000e+02
4.630000000000000000e+02
4.990000000000000000e+02
5.000000000000000000e+02
5.020000000000000000e+02
5.500000000000000000e+02
5.510000000000000000e+02
5.520000000000000000e+02
5.990000000000000000e+02
6.000000000000000000e+02
6.010000000000000000e+02
6.020000000000000000e+02
6.450000000000000000e+02
6.460000000000000000e+02
6.470000000000000000e+02
6.480000000000000000e+02
6.490000000000000000e+02
6.500000000000000000e+02
6.510000000000000000e+02
6.520000000000000000e+02
6.530000000000000000e+02
6.640000000000000000e+02
6.650000000000000000e+02
6.910000000000000000e+02
6.920000000000000000e+02
6.930000000000000000e+02
6.940000000000000000e+02
6.950000000000000000e+02
6.960000000000000000e+02
6.970000000000000000e+02
6.980000000000000000e+02
7.070000000000000000e+02
7.080000000000000000e+02
7.090000000000000000e+02
7.100000000000000000e+02
7.360000000000000000e+02
7.370000000000000000e+02
7.380000000000000000e+02
7.470000000000000000e+02
7.480000000000000000e+02
7.490000000000000000e+02
7.500000000000000000e+02
7.510000000000000000e+02
7.820000000000000000e+02
7.830000000000000000e+02
7.840000000000000000e+02
7.850000000000000000e+02
7.860000000000000000e+02
7.870000000000000000e+02
8.140000000000000000e+02
8.160000000000000000e+02
8.170000000000000000e+02
8.180000000000000000e+02
8.380000000000000000e+02
8.390000000000000000e+02
8.400000000000000000e+02
8.420000000000000000e+02
8.580000000000000000e+02
8.590000000000000000e+02
8.600000000000000000e+02
8.610000000000000000e+02
8.700000000000000000e+02
8.710000000000000000e+02
8.720000000000000000e+02
8.740000000000000000e+02
8.750000000000000000e+02
8.760000000000000000e+02
