2.510000000000000000e+02
2.520000000000000000e+02
2.530000000000000000e+02
2.540000000000000000e+02
2.550000000000000000e+02
2.560000000000000000e+02
3.040000000000000000e+02
3.050000000000000000e+02
5.500000000000000000e+02
6.000000000000000000e+02
6.010000000000000000e+02
6.460000000000000000e+02
6.470000000000000000e+02
6.480000000000000000e+02
6.490000000000000000e+02
6.500000000000000000e+02
6.920000000000000000e+02
6.930000000000000000e+02
6.940000000000000000e+02
6.950000000000000000e+02
6.960000000000000000e+02
7.100000000000000000e+02
7.360000000000000000e+02
7.370000000000000000e+02
7.380000000000000000e+02
7.490000000000000000e+02
7.500000000000000000e+02
7.830000000000000000e+02
7.840000000000000000e+02
7.850000000000000000e+02
7.860000000000000000e+02
8.140000000000000000e+02
8.160000000000000000e+02
8.170000000000000000e+02
8.380000000000000000e+02
8.390000000000000000e+02
8.400000000000000000e+02
8.420000000000000000e+02
8.580000000000000000e+02
8.590000000000000000e+02
8.600000000000000000e+02
8.700000000000000000e+02
8.710000000000000000e+02
8.720000000000000000e+02
8.740000000000000000e+02
8.750000000000000000e+02
8.760000000000000000e+02
