7.200000000000000000e+02
7.570000000000000000e+02
7.580000000000000000e+02
7.590000000000000000e+02
7.600000000000000000e+02
7.910000000000000000e+02
7.920000000000000000e+02
7.930000000000000000e+02
7.940000000000000000e+02
8.190000000000000000e+02
8.200000000000000000e+02
8.210000000000000000e+02
8.220000000000000000e+02
8.230000000000000000e+02
8.420000000000000000e+02
8.430000000000000000e+02
8.440000000000000000e+02
8.450000000000000000e+02
8.460000000000000000e+02
8.580000000000000000e+02
8.590000000000000000e+02
8.600000000000000000e+02
8.610000000000000000e+02
8.620000000000000000e+02
8.630000000000000000e+02
8.640000000000000000e+02
8.700000000000000000e+02
8.710000000000000000e+02
8.720000000000000000e+02
8.740000000000000000e+02
8.750000000000000000e+02
8.760000000000000000e+02
